5
20
-7 -14
19 13
-20 -20
16 17
19 -19
15 -13
10 16
4 -15
5 -13
12 8
-10 9
9 -15
17 3
-17 -16
12 7
-13 -5
11 11
14 -3
4 15
-4 -14
50
17 -14
14 5
3 -4
2 -7
-4 0
8 -8
-20 17
-12 9
-3 12
-12 -17
9 -2
18 4
-13 -18
13 -4
-15 -18
-6 1
-14 2
3 -16
18 -15
-3 -2
-19 -11
-11 -4
14 5
2 6
19 -12
-2 -19
-3 -4
-5 -18
-13 -19
-6 0
-6 -16
-17 9
-4 -11
6 -20
-17 -17
8 -3
-14 -12
-18 10
11 13
14 5
-2 1
-12 3
13 14
-11 16
15 -9
-15 -17
-3 -5
13 14
6 8
5 15
100
17 11
16 14
2 18
13 -14
11 -3
7 17
-15 18
-6 -14
0 3
6 17
-19 -18
8 -5
-12 -5
-5 -13
-3 -4
7 9
1 13
-17 -4
-5 -16
17 2
9 17
-6 19
-1 -14
-6 -15
10 -4
-13 5
6 14
7 6
10 -16
17 -13
13 12
-11 -5
-14 9
-10 -16
8 -8
-16 13
-14 19
9 2
-18 -2
17 -5
17 -16
-3 -17
-3 13
-9 -5
-18 20
15 -2
14 11
-10 -8
-6 -20
-12 6
-7 -5
-7 8
-19 -12
-13 18
-15 -2
3 3
-11 11
13 9
-9 5
-9 14
-16 3
-9 12
-7 12
-3 -1
-11 -17
-8 4
-12 -1
-5 16
10 15
2 -16
18 15
-2 0
14 14
-1 15
-3 -11
1 -18
-4 7
2 8
12 14
0 16
-14 -11
-18 9
-12 18
-5 -2
-20 18
8 -11
-4 -6
-20 16
1 -8
-6 11
1 -4
-7 -1
-1 3
1 2
3 10
15 -6
-15 -2
19 -4
6 13
-6 19
200
9 -17
-11 13
10 13
-12 4
-4 -14
7 10
13 16
17 -15
7 15
18 -15
20 -6
8 12
-16 18
19 7
-19 13
-18 15
13 -3
11 12
18 -18
-20 5
-8 3
-13 4
-12 2
-18 19
3 0
-20 14
-17 -3
-15 -4
10 1
16 -9
13 1
8 -13
1 4
5 14
13 4
13 8
-15 -8
-1 -15
11 -5
-3 -12
-16 -7
20 3
-5 12
1 -2
14 20
-11 3
-19 13
15 19
-3 8
-13 12
15 -17
-12 -13
-10 -1
-7 5
-16 9
-17 -8
19 -1
-11 7
6 -10
-11 11
-8 -18
-18 -7
1 -5
-10 13
-20 -13
12 12
-3 -14
4 20
8 -17
19 11
-9 4
-3 13
-15 7
13 -14
-19 -5
12 14
8 -13
-17 3
5 -15
11 -20
6 -15
-6 -15
-20 -14
-8 -14
-13 -17
15 16
4 3
-1 9
9 15
13 12
-8 18
-4 -16
-2 -2
15 13
14 12
8 -1
-3 -17
11 -16
-16 -15
15 10
11 -19
-2 -9
16 8
8 6
-16 7
4 2
1 -19
-14 6
16 19
-4 0
-13 0
-13 8
1 17
4 -5
1 19
6 -20
-8 -5
12 -5
17 -20
-3 7
-8 12
-5 -6
-17 12
-12 -5
20 17
-18 13
20 17
-1 10
-3 -9
-19 -12
-6 -1
2 -9
-20 13
-12 7
-4 17
-2 -15
-17 8
0 -15
20 -10
-1 -20
7 -18
7 5
-7 18
8 -1
-6 8
16 -8
0 -5
2 -16
6 4
17 -10
-12 17
-19 1
-10 2
-6 19
2 -9
18 2
-18 -8
1 -17
15 13
-3 -12
-9 10
12 -10
-7 18
-12 3
-16 11
-1 -10
-12 -6
6 18
1 16
-11 -9
7 -5
18 16
-11 -10
-4 -8
-7 -1
18 12
0 16
18 9
-1 -1
13 3
19 9
2 -9
1 -12
12 8
-7 -8
-15 16
3 11
1 -20
0 -9
-13 11
-9 -9
-9 16
-3 2
0 19
14 9
18 12
7 13
-14 11
4 4
-19 9
500
-9 2
3 5
-2 -1
-3 -12
-19 6
15 9
13 -14
16 -2
9 17
4 -1
2 1
11 -7
11 2
19 11
14 16
14 -9
2 1
1 -15
8 9
20 -17
-1 7
-8 7
10 -17
16 10
17 -1
-18 19
-12 17
-15 -17
1 -2
-8 -12
2 16
14 -19
-18 13
-16 13
17 6
4 1
7 12
18 -2
1 13
-1 16
-8 7
-12 -10
4 -15
-6 -18
-2 9
11 7
6 10
3 12
-12 18
-17 -6
-9 8
-16 11
19 15
19 -17
17 -10
6 11
-4 -16
-20 1
15 9
-1 -15
11 8
15 3
0 14
-9 14
16 -11
-9 8
-2 -9
-9 6
6 -17
-19 -19
-1 16
-10 -15
-11 5
-20 5
-6 10
-2 5
6 -20
11 -1
-17 -17
8 -6
12 -3
-7 -8
-13 -12
9 -6
13 -6
4 0
2 17
15 -6
-6 -3
15 6
5 5
16 -12
-9 13
-12 5
-15 13
2 17
-2 10
11 4
-11 6
20 10
16 10
-12 9
18 -3
-20 1
-16 -16
12 14
20 9
1 7
-4 -11
16 -7
18 -6
-20 0
-9 -17
10 14
-18 -7
12 -5
5 -1
-11 -10
-6 13
-16 -13
18 11
-14 5
-19 14
-1 2
-16 13
11 -6
10 0
-19 18
-1 -12
18 8
11 -10
-18 -17
-6 18
9 1
11 -16
0 20
7 -12
-8 5
10 3
-18 -3
-3 15
11 20
7 -10
7 -6
18 2
11 -16
-13 11
10 18
20 12
-12 -18
13 -11
18 -6
-8 -5
-7 4
20 -18
-1 5
-5 5
-11 -4
-18 1
-14 -7
10 14
4 -5
-6 -20
-12 -4
-8 -18
5 -14
-4 13
-9 -14
17 -20
1 13
6 -16
-10 0
19 -14
8 -12
-1 3
12 11
14 -16
-5 7
10 -16
1 11
-5 -17
2 -19
-12 3
-13 7
16 -1
-19 -11
-16 1
1 -1
20 -7
4 6
-13 13
9 20
-11 15
4 8
-13 -14
-15 -20
8 1
10 6
-11 14
-5 -16
10 5
-19 0
-15 -5
20 -10
11 4
-6 11
-10 7
8 -7
-14 7
0 -13
-1 2
11 -4
-7 -20
6 -5
-16 -6
-17 12
13 -14
-8 -18
7 -1
-14 -7
-11 13
20 -8
0 15
-15 1
-13 -1
8 -17
18 -9
-12 10
-5 4
-9 16
0 -10
-7 18
6 -13
2 3
12 -14
20 12
-12 6
-14 7
1 15
7 -6
4 9
-10 -16
-7 -11
4 -12
-14 -9
-16 -6
8 1
3 -17
20 -10
20 -3
-3 -20
8 7
8 4
-3 10
4 7
1 -12
-19 -17
20 6
20 -2
11 7
5 -6
13 14
20 13
-1 12
13 -4
19 18
17 -2
-11 19
10 16
9 -12
1 -5
11 -2
-3 6
0 -6
-16 -13
-19 5
4 20
-5 10
-16 -16
11 2
16 -13
6 -6
9 -3
8 18
-9 0
13 4
0 18
-19 15
2 8
17 -9
-6 -17
14 18
-17 -9
16 5
13 -5
-3 11
-12 6
9 -12
-1 -14
7 13
-15 -8
16 18
17 -1
6 8
17 5
-4 -5
-1 14
3 20
15 14
15 12
19 -2
11 6
-16 16
15 18
10 5
2 14
-17 -20
15 0
-17 0
4 10
8 10
-16 17
-13 -13
-1 -15
-11 -3
19 13
12 -20
14 19
2 -9
5 17
1 10
-8 6
-2 20
2 -1
-17 -6
-20 -9
14 -20
-18 6
-15 9
15 1
18 19
-12 5
-8 17
15 -9
-20 -13
-17 20
-9 -18
17 -12
19 -20
-2 6
15 -8
20 14
-20 -17
8 -17
10 10
-10 5
-13 10
-10 10
-19 -5
-7 -3
-15 -2
17 2
7 -17
2 1
-20 -17
-17 -13
9 20
9 -19
12 -9
14 14
-18 14
2 7
-17 -12
2 -1
14 12
-20 -3
-18 15
5 15
16 -18
-8 -11
3 -9
-17 -20
15 14
-10 6
7 16
-2 13
20 -6
15 15
-17 6
-14 11
19 -2
1 -10
-2 -6
18 -16
-9 9
-12 -15
-15 -10
2 -2
-11 9
-4 14
-5 7
17 6
-1 -11
2 2
-19 -3
18 13
-11 19
5 -1
-14 13
8 1
-17 -8
10 -18
-19 17
0 2
16 -6
-17 15
-12 -3
10 13
-3 -14
6 -19
5 -4
-8 1
-19 -3
-2 1
8 13
-12 6
1 0
-10 -19
18 9
-3 8
-5 9
20 15
7 -4
4 17
-2 19
7 -16
-5 -18
-4 17
10 -14
-6 -19
7 -11
-15 19
11 2
20 19
-5 4
-1 12
13 19
6 -8
2 12
-6 15
8 0
-18 -17
-12 -18
-15 -13
-19 -4
19 -19
-17 -6
-3 -13
-1 8
-4 -19
18 -5
-5 1
13 -7
-20 7
-12 0
-1 8
19 -4
11 13
17 18
-2 12
11 -8
-10 11
-4 -20
-13 15
19 -12
-14 16
6 3
2 4
12 16
-8 10
17 -4
-6 2
19 13
-9 -17
17 -2
4 -15
-18 12
-16 6
14 18
7 16
1 18
10 12
-17 -11
-13 -18
-8 4
-9 -8
-7 2
-1 -2
18 1
17 -10
